0 0
-1090510000 0
1 0
0 0
0 0
0 0
1 0
0 0
-1446674496 29522
-1090506448 32766
0 0
832 0
1179403647 50397442
0 0
4063235 1
155616 0
64 0
2010488 0
0 3670080
4194318 4063295
6 4
64 0
64 0
64 0
784 0
784 0
8 0
3 4
1814400 0
1814400 0
1814400 0
30 0
30 0
16 0
1 4
0 0
0 0
0 0
144048 0
144048 0
4096 0
1 5
147456 0
147456 0
147456 0
1508409 0
1508409 0
4096 0
1 4
1658880 0
1658880 0
1658880 0
318764 0
318764 0
4096 0
1 6
1981304 0
1981304 0
1981304 0
19280 0
53312 0
4096 0
2 6
1993024 0
1993024 0
1993024 0
560 0
560 0
8 0
4 4
848 0
848 0
848 0
80 0
80 0
8 0
4 4
928 0
928 0
928 0
68 0
68 0
4 0
7 4
1981304 0
1981304 0
1981304 0
16 0
136 0
8 0
1685382483 4
848 0
848 0
848 0
80 0
80 0
8 0
1685382480 4
1814432 0
1814432 0
1814432 0
30844 0
30844 0
4 0
1685382481 6
0 0
0 0
0 0
0 0
0 0
16 0
1685382482 4
1981304 0
1981304 0
-1090508544 32766
-1448975581 29522
-1447071744 29522
0 0
0 0
-1090509104 32766
-1446893379 29522
0 0
-1447114432 29522
-1090508800 32766
-1446898397 29522
0 0
-1090508544 32766
0 0
-1447070400 29522
-1446677792 29522
3 0
-1090508832 32766
-1446834737 29522
-1446677792 29522
-1447071744 29522
-1446679888 29522
-1447071744 29522
0 0
0 0
1304428544 -164352
705560576 -425372796
0 0
0 0
1308622848 -164352
0 0
0 0
-1090508992 32766
0 0
0 0
-1090509024 32766
0 0
0 0
3 0
0 0
3 0
-1447070400 29522
0 0
-1090507408 32766
-1446890387 29522
1 0
-1446679888 29522
0 0
-1446892219 29522
1 98
-1447071744 29522
-1090508816 32766
-1446892219 29522
1 0
-1446677792 29522
-1090508784 32766
0 0
0 0
0 0
0 0
0 0
0 0
-1090508752 32766
-1090508784 32766
-1090508480 32766
-1090508784 32766
2 0
-1446677792 29522
0 0
0 3
-1090508816 32766
0 0
-1446677792 29522
0 0
0 29522
0 0
0 0
0 0
0 0
-1447071744 29522
0 0
-1449010024 29522
-1448975581 29522
-1446679888 29522
0 0
-1090508480 32766
1024 0
-1446679888 29522
0 0
0 0
0 0
0 0
0 0
0 0
0 0
0 0
0 0
0 0
0 0
0 0
0 0
0 0
0 0
0 0
0 0
0 0
0 0
0 0
-1446867661 29522
0 0
-1449085768 29522
-1447071744 29522
-1449089148 29522
1842243024 0
-1449010024 29522
-1090508016 32766
-1446866661 29522
2312 0
-1449010024 29522
-1447071744 29522
-1090508072 32766
-1090508076 32766
0 0
0 0
0 0
0 0
-1446867661 29522
0 0
-1449085768 29522
-1447071744 29522
-1449091972 29522
1038094023 0
-1449010024 29522
-1090507872 32766
-1446866661 29522
1606 0
-1449010024 29522
-1447071744 29522
-1090507928 32766
-1090507932 32766
-1447070240 29522
-1446676864 29522
954606788 23005
-1090507528 32766
1842243024 0
-1090507728 32766
0 29522
3 0
-1447070368 29522
-1090507704 32766
0 0
-1090507696 32766
-1090507932 32766
0 0
-1446721641 29522
4 0
0 0
-1446676288 29522
-1090507488 32766
-1446676864 29522
-1446721641 29522
-1090507552 32766
1038094023 0
-1090507584 32766
-1446864210 29522
1 0
-1090507488 32766
0 0
0 0
0 0
-1446677792 29522
-1090507536 32766
-1090507772 32766
-1090507264 32766
-1446795656 29522
-1090507712 32766
954607608 23005
0 0
-1446676864 29522
-1449047224 29522
-1446849091 29522
-1446677792 29522
0 0
-1090507408 32766
-1446844224 29522
-1449047224 29522
-1447071744 29522
-1090507520 32766
-1090507536 32766
-1449010024 29522
0 0
-1090507456 32766
1 29522
0 0
-1446900536 29522
-1090507528 32766
-1446900536 29522
0 29522
-1446861201 29522
-1446676864 29522
-1449094888 29522
110527148 0
-1447071744 29522
110527148 0
-1449098396 29522
-1090507440 32766
-1446860998 29522
-1446900536 29522
-1448489027 29522
1 0
-2134202880 -1466002086
0 0
1 0
-1090507408 32766
-1447627148 29522
8388608 0
-1448515961 29522
-1090507408 3
-2134202880 -1466002086
-328478661 98
-1446820416 29522
-1090506720 32766
-1446772384 29522
0 0
0 0
1 0
0 0
0 0
-1446676264 29522
-1449117888 29522
-1446679888 29522
13 0
-328503787 98
0 0
0 0
0 0
576 832
-1446911448 29522
896 1408
1 0
0 0
0 0
2432 2432
2432 2432
2432 2432
2432 2432
2432 2432
2432 2432
2432 2432
2432 2432
2432 2432
13 20
